60
63
112
104
112
10
10
110
97
109
101
115
112
97
99
101
32
68
97
116
97
98
97
115
101
92
83
101
101
100
101
114
115
59
10
10
117
115
101
32
73
108
108
117
109
105
110
97
116
101
92
68
97
116
97
98
97
115
101
92
83
101
101
100
101
114
59
10
117
115
101
32
73
108
108
117
109
105
110
97
116
101
92
83
117
112
112
111
114
116
92
70
97
99
97
100
101
115
92
68
66
59
10
10
99
108
97
115
115
32
80
111
115
105
116
105
111
110
83
101
101
100
101
114
32
101
120
116
101
110
100
115
32
83
101
101
100
101
114
10
123
10
32
32
32
32
112
117
98
108
105
99
32
102
117
110
99
116
105
111
110
32
114
117
110
40
41
58
32
118
111
105
100
10
32
32
32
32
123
10
32
32
32
32
32
32
32
32
36
112
111
115
105
116
105
111
110
115
32
61
32
91
10
32
32
32
32
32
32
32
32
32
32
32
32
91
39
110
97
109
101
39
32
61
62
32
39
71
97
114
100
105
101
110
39
93
44
10
32
32
32
32
32
32
32
32
32
32
32
32
91
39
110
97
109
101
39
32
61
62
32
39
68
195
169
102
101
110
115
101
117
114
39
93
44
10
32
32
32
32
32
32
32
32
32
32
32
32
91
39
110
97
109
101
39
32
61
62
32
39
77
105
108
105
101
117
39
93
44
10
32
32
32
32
32
32
32
32
32
32
32
32
91
39
110
97
109
101
39
32
61
62
32
39
65
116
116
97
113
117
97
110
116
39
93
44
10
32
32
32
32
32
32
32
32
32
32
32
32
91
39
110
97
109
101
39
32
61
62
32
39
69
110
116
114
97
195
174
110
101
117
114
39
93
44
10
32
32
32
32
32
32
32
32
93
59
10
10
32
32
32
32
32
32
32
32
68
66
58
58
116
97
98
108
101
40
39
112
111
115
105
116
105
111
110
115
39
41
45
62
105
110
115
101
114
116
40
36
112
111
115
105
116
105
111
110
115
41
59
10
10
32
32
32
32
32
32
32
32
36
116
104
105
115
45
62
99
111
109
109
97
110
100
45
62
105
110
102
111
40
39
53
32
112
111
115
105
116
105
111
110
115
32
99
114
195
169
195
169
101
115
32
97
118
101
99
32
115
117
99
99
195
168
115
32
33
39
41
59
10
32
32
32
32
125
10
125
